Id,Prediction
100300,-1
100350,-1
100500,1
100550,-1
100650,1
100800,1
100900,1
101000,-1
101150,-1
101200,-1
101300,1
101350,-1
101400,1
101550,-1
101700,1
101750,-1
101800,-1
101950,1
102000,-1
102100,1
102200,1
102350,1
102450,1
102600,-1
102650,1
102750,1
102850,1
102900,-1
103000,-1
103050,-1
103200,1
103350,1
103450,1
104000,-1
104100,1
104250,-1
104300,1
104400,-1
104500,-1
104550,1
104600,-1
104700,1
104800,-1
104850,1
105000,-1
105050,1
105200,1
105300,1
105400,-1
105450,-1
105500,1
105600,-1
105650,1
105800,-1
105900,1
105950,-1
106200,-1
106450,1
106650,-1
106700,-1
106750,-1
106800,-1
106950,-1
107050,1
107150,-1
107200,1
107250,1
107350,-1
107400,-1
107450,-1
107600,1
107650,-1
107950,1
108200,1
108300,-1
108350,1
108550,1
108650,-1
108750,-1
108900,1
108950,-1
109050,-1
109100,-1
109250,-1
109300,-1
109450,-1
109500,-1
109550,-1
109650,-1
109700,-1
109750,-1
109850,1
109900,1
109950,-1
110050,1
110200,1
110250,1
110300,1
110350,1
110400,1
110500,-1
110600,1
110650,-1
110850,-1
111250,-1
111750,1
111850,-1
111900,-1
112400,1
112600,-1
113200,1
113300,1
113350,1
113500,1
113700,-1
113950,1
114000,1
114350,-1
114400,-1
114450,-1
114650,-1
114750,-1
115000,-1
115050,1
115100,-1
115250,-1
115300,-1
115550,1
115950,-1
116000,-1
116300,-1
116350,-1
116400,1
116550,1
116700,1
116750,1
117000,1
117050,-1
117150,-1
117200,1
117500,1
117550,-1
117700,-1
118050,1
118100,1
118200,1
118250,1
118300,-1
118500,1
118650,-1
118750,1
118800,-1
118900,1
118950,-1
119000,1
119300,-1
119500,-1
119550,1
119750,1
119800,-1
119850,-1
120000,1
120100,-1
120150,-1
120350,1
120400,-1
120550,1
120650,-1
120700,-1
120900,-1
120950,-1
121000,-1
121050,-1
121100,1
121150,-1
121250,1
121300,1
121450,-1
121600,-1
121700,1
121750,-1
121800,-1
122000,1
122100,-1
122150,1
122200,-1
122450,1
122600,-1
122650,1
122800,-1
122850,1
123000,1
123150,1
123250,-1
123300,1
123500,1
123550,-1
123600,-1
123850,-1
123900,1
124150,-1
124300,1
124350,-1
124550,1
124700,-1
124800,1
124900,1
124950,1
125000,-1
125050,1
125100,-1
125200,-1
125400,-1
125600,1
125700,-1
125800,1
125850,1
125900,1
125950,-1
126200,-1
126350,1
126450,-1
126500,1
126650,-1
126700,-1
126750,-1
127000,1
127100,-1
127150,-1
127200,-1
127250,1
127500,1
127550,1
127750,1
127800,1
127850,-1
127900,-1
128000,-1
128200,-1
128650,-1
128750,-1
128800,-1
128900,-1
129000,-1
129250,1
129350,1
129600,1
129650,-1
129700,1
129800,-1
129900,-1
130000,-1
130100,-1
130150,-1
130450,-1
130700,-1
130750,-1
130900,-1
130950,1
131000,1
131100,-1
131500,-1
131600,-1
131650,-1
131800,1
132000,-1
132350,-1
132400,1
132700,1
132850,1
133150,-1
133350,-1
133400,-1
133450,-1
133600,-1
133700,1
133800,-1
133950,-1
134100,1
134250,1
134400,-1
134700,-1
134750,-1
134900,-1
134950,-1
135000,-1
135050,-1
135150,-1
135200,-1
135350,1
135450,1
135650,1
135750,1
136100,1
136200,-1
136300,-1
136450,-1
136500,1
136600,1
136800,-1
136850,1
137000,-1
137050,1
137150,1
137200,1
137300,-1
137550,-1
137600,-1
137850,-1
137900,-1
138050,-1
138100,-1
138650,-1
138700,1
138850,1
138900,1
139050,1
139150,1
139200,1
139300,-1
139350,1
139400,1
139450,1
139500,-1
139600,-1
139650,-1
139700,-1
139850,-1
139950,-1
140050,-1
140100,1
140250,-1
140400,1
140600,1
140700,-1
140950,1
141250,-1
141300,1
141350,1
141600,-1
141650,1
141700,-1
141800,1
141950,-1
142050,-1
142100,-1
142200,-1
142250,1
142450,-1
142600,1
142650,1
142850,-1
143000,-1
143450,1
143500,-1
143550,1
143600,1
143700,-1
143850,-1
143950,-1
144050,-1
144150,-1
144200,-1
144650,-1
144700,-1
144750,-1
145000,1
145100,-1
145200,-1
145250,1
145350,1
145400,1
145550,1
145700,1
145750,-1
145800,-1
145950,1
146000,1
146100,1
146250,-1
146600,1
146700,-1
146850,-1
147000,-1
147150,-1
147200,1
147250,-1
147400,-1
147450,-1
147550,-1
147700,-1
147750,1
147850,-1
148150,1
148200,1
148300,-1
148350,-1
148550,-1
148600,-1
148950,1
149100,1
149150,1
149200,-1
149250,1
149300,-1
149350,-1
149400,-1
149500,1
149550,-1
149600,-1
150100,1
150150,-1
150200,-1
150300,1
150350,-1
150500,1
150650,-1
150950,-1
151000,1
151150,1
151200,-1
151450,1
151550,-1
151600,-1
151650,-1
151800,-1
151900,1
152100,-1
152200,-1
152300,-1
152450,1
152500,1
152700,1
152750,-1
152800,1
152850,-1
153000,1
153050,1
153200,-1
153300,-1
153650,-1
153800,-1
153900,-1
154300,-1
154450,1
154550,-1
154750,-1
154800,-1
154850,-1
154950,1
155200,1
155500,-1
155600,-1
155800,-1
155850,-1
155900,-1
155950,1
156150,1
156200,1
156350,1
156500,-1
156550,-1
156800,-1
156850,1
156950,1
157000,-1
157150,-1
157200,-1
157250,-1
157300,1
157400,-1
157550,1
157700,-1
158050,1
158150,-1
158250,1
158300,-1
158400,1
158450,-1
158500,1
158550,-1
158650,-1
158750,1
158800,1
158900,1
159000,-1
159050,-1
159100,1
159150,1
159250,-1
159300,1
159750,-1
160050,-1
160200,-1
160350,1
160400,-1
160500,-1
160650,1
160700,1
160800,1
161100,-1
161550,1
161600,-1
161750,-1
161900,-1
162000,-1
162050,-1
162200,1
162300,-1
162350,1
162400,1
162500,-1
162550,1
162800,1
162850,1
162900,-1
162950,-1
163000,-1
163050,-1
163100,1
163150,1
163300,-1
163500,1
163900,-1
163950,1
164050,-1
164100,-1
164450,-1
164600,-1
164800,-1
164950,1
165000,-1
165050,1
165100,-1
165200,1
165250,-1
165400,-1
165450,1
165500,-1
165700,-1
166300,-1
166400,1
166550,1
166750,1
166800,-1
166850,-1
167300,-1
167400,-1
167450,-1
167500,1
167550,-1
167850,-1
167950,-1
168100,-1
168350,-1
168450,1
168800,1
168900,-1
169000,1
169050,1
169250,-1
169300,-1
169350,1
169450,1
169600,1
169700,-1
169900,-1
170100,1
170200,1
170250,1
170450,-1
170500,1
170550,-1
170650,1
170700,-1
170950,-1
171050,1
171350,-1
171500,-1
171550,1
171600,1
171650,1
171850,-1
172000,-1
172100,1
172500,1
172550,-1
172600,-1
172650,1
172750,-1
172850,1
172900,1
172950,1
173150,1
173300,-1
173450,1
174050,1
174150,-1
174250,1
174300,1
174400,-1
174600,1
174700,-1
174850,-1
174900,-1
175100,1
175250,-1
175450,1
175600,1
175700,1
175950,1
176050,-1
176100,-1
176200,-1
176250,-1
176400,1
176950,-1
177100,-1
177250,-1
177300,-1
177400,-1
177500,1
177550,1
177600,-1
177700,-1
178150,-1
178200,1
178500,-1
178700,-1
178750,-1
178950,-1
179000,1
179050,-1
179150,1
179300,1
179400,-1
179500,-1
179550,1
179600,1
179700,-1
179750,1
180150,1
180300,-1
180350,-1
180550,1
180700,-1
180750,-1
180800,1
180850,-1
180900,1
181050,1
181300,1
181350,1
181400,1
181550,-1
181650,-1
181750,-1
181900,-1
182000,-1
182300,-1
182450,1
182700,-1
182850,1
182950,-1
183050,1
183250,-1
183350,1
183550,-1
183600,1
183700,-1
183750,1
184000,-1
184150,1
184350,-1
184600,1
184900,1
185150,1
185200,-1
185450,-1
185650,-1
185700,-1
185900,1
186100,-1
186350,1
186450,-1
186600,-1
186700,1
186800,1
186950,1
187100,-1
187150,-1
187200,-1
187250,1
187350,1
187450,-1
187600,1
187650,1
187750,-1
187800,-1
187850,1
187900,-1
188000,-1
188050,1
188150,1
188250,-1
188350,-1
188450,-1
188500,-1
188700,-1
188800,-1
188900,1
188950,1
189100,-1
189200,-1
189300,1
189400,1
189450,-1
189500,-1
189550,1
189600,1
189650,-1
189700,-1
189950,1
190100,-1
190200,1
190300,1
190350,-1
190400,1
190500,-1
190750,-1
190800,-1
190900,-1
191000,1
191150,-1
191350,1
191400,-1
191700,1
191750,-1
191800,1
191850,-1
191950,1
192000,1
192050,1
192200,1
192250,1
192550,1
192650,-1
192800,1
192900,1
193000,1
193100,-1
193200,1
193350,-1
193400,-1
193500,-1
193700,-1
193950,-1
194000,-1
194050,1
194150,-1
194250,-1
194300,-1
194350,-1
194400,-1
194550,-1
195000,1
195100,-1
195150,1
195250,-1
195400,1
195500,-1
195600,-1
195800,1
196000,-1
196100,-1
196150,1
196250,-1
196450,1
196950,-1
197150,-1
197200,-1
197500,-1
197600,-1
197750,1
197800,1
197950,1
198050,1
198150,-1
198250,1
198300,-1
198350,-1
198400,1
198500,-1
198600,-1
198850,-1
199050,1
199150,-1
199300,1
199650,1
199700,1
199800,-1
200000,1
200050,1
200250,1
200300,-1
200700,-1
200800,-1
200850,-1
200900,1
200950,-1
201000,-1
201150,1
201200,-1
201250,-1
201450,-1
201550,1
201650,1
201850,-1
202100,1
202200,1
202350,-1
202400,-1
202750,1
202800,1
202950,-1
203000,-1
203100,-1
203150,1
203250,1
203450,1
203500,-1
203550,1
203650,1
203700,-1
203850,1
204050,1
204100,-1
204150,-1
204300,-1
204400,1
204450,1
204650,-1
204750,-1
204900,-1
205050,1
205100,-1
205150,1
205200,-1
205300,-1
205400,1
205450,1
205500,1
205750,-1
205900,-1
205950,-1
206150,1
206200,-1
206250,1
206300,1
206350,1
206400,-1
206650,1
206750,1
206850,-1
207000,1
207400,1
207450,1
207500,1
207600,1
207800,1
207850,1
207900,1
208150,1
208250,-1
208300,-1
208350,-1
208450,1
208500,-1
208550,1
208650,1
208700,-1
208900,1
209300,1
209350,1
209550,1
209600,1
209750,1
210000,1
210050,-1
210250,-1
210300,1
210350,-1
210450,1
210500,-1
210900,-1
211550,-1
211650,-1
211700,1
211900,-1
212250,-1
212350,-1
212400,1
213100,1
213350,1
213450,1
213550,1
213600,1
213700,-1
213750,-1
213950,1
214000,1
214200,1
214250,1
214550,-1
214600,-1
214650,-1
214700,1
214800,-1
215250,1
215350,1
215500,1
215600,-1
215700,1
215800,-1
216000,1
216050,-1
216250,-1
216350,1
216500,-1
216700,-1
216750,-1
216900,-1
217100,1
217200,-1
217500,-1
217550,1
217600,-1
217650,-1
217850,1
217950,1
218000,-1
218100,-1
218150,-1
218350,1
218650,-1
218850,-1
219050,-1
219100,1
219150,-1
219200,-1
219250,1
219400,-1
219500,-1
219850,-1
220000,-1
220100,-1
220150,-1
220300,1
220350,-1
220700,1
220900,1
221000,1
221050,1
221150,-1
221250,1
221300,1
221400,-1
221450,-1
221650,-1
221700,-1
222050,-1
222350,-1
222400,-1
222550,-1
222600,-1
222800,-1
223150,1
223250,1
223550,-1
223600,1
223700,-1
223900,1
224250,1
224300,1
224400,-1
224700,-1
224750,-1
225100,1
225150,-1
225300,-1
225750,1
225850,1
226000,-1
226100,-1
226400,1
226450,-1
226600,-1
226750,1
226850,1
227000,-1
227200,1
227250,-1
227300,1
227400,1
227450,-1
228000,-1
228200,-1
228400,1
228500,1
228550,1
228600,-1
228650,-1
228800,-1
228900,-1
229000,-1
229050,-1
229100,-1
229150,-1
229450,-1
229500,1
229800,1
229850,-1
229900,-1
229950,1
230200,1
230400,-1
230600,-1
230700,-1
230850,-1
230900,1
230950,-1
231150,-1
231200,-1
231250,-1
231350,-1
231700,-1
231750,-1
231800,-1
231900,-1
231950,-1
232000,1
232050,1
232300,-1
232400,1
232450,1
232650,-1
232700,1
232800,-1
232900,-1
232950,-1
233000,-1
233050,-1
233150,-1
233250,-1
233300,1
233400,-1
233450,1
233500,-1
233750,-1
233950,1
234500,1
234550,1
234650,-1
234700,1
234750,1
234800,1
234850,-1
234900,-1
235250,-1
235300,1
235400,-1
235450,1
235500,1
235550,1
235650,1
235700,-1
235750,1
235850,1
235950,1
236150,-1
236400,-1
236450,-1
236550,1
236600,-1
236650,1
236900,-1
236950,-1
237000,-1
237250,1
237600,-1
237700,1
237800,-1
237850,-1
238000,-1
238050,-1
238200,1
238450,-1
238600,-1
238700,-1
238750,-1
238850,1
238950,1
239000,-1
239150,1
239250,1
239500,-1
239550,1
239600,-1
239650,-1
239750,-1
239850,-1
239950,1
240250,-1
240350,-1
240750,-1
240800,-1
240850,-1
241000,1
241300,-1
241500,1
241700,-1
241750,-1
241850,1
241950,-1
242300,-1
242350,-1
242450,-1
242500,-1
242950,-1
243150,1
243200,-1
243250,-1
243500,1
243550,-1
243850,-1
244200,1
244250,-1
244400,-1
244500,1
244550,-1
244750,-1
244900,-1
244950,1
245200,-1
245300,-1
245450,-1
245500,1
245600,1
245700,-1
245850,-1
245950,-1
246000,-1
246050,1
246100,-1
246150,1
246250,-1
246550,-1
246700,-1
246850,-1
246900,-1
247200,-1
247300,-1
247450,-1
247600,1
247750,1
247800,-1
247900,1
248000,1
248050,-1
248150,-1
248200,-1
248350,-1
248450,1
248500,1
248650,1
248700,1
248850,-1
249000,-1
249100,1
249450,-1
249500,-1
249550,-1
249600,1
249650,1
249800,-1
250050,1
250100,-1
250250,1
250350,1
250450,1
250500,1
250550,-1
250600,1
250800,1
250900,1
251000,-1
251050,1
251100,-1
251150,1
251350,-1
251450,-1
251600,-1
251650,-1
252100,-1
252350,1
252400,1
252500,-1
252750,1
252800,-1
252850,-1
252900,-1
253050,1
253100,-1
253200,1
253250,-1
253300,1
253350,-1
253600,-1
253700,1
253750,1
253900,-1
254000,-1
254250,-1
254350,1
254450,-1
254700,-1
254850,-1
255100,1
255200,1
255250,-1
255300,-1
255350,1
255550,-1
255650,1
255800,-1
256100,-1
256150,-1
256200,1
256550,-1
256650,1
256700,-1
256900,-1
257000,1
257400,-1
257600,1
257650,-1
257750,1
257800,1
257950,-1
258050,-1
258250,-1
258300,1
258350,-1
258450,1
258500,1
258600,1
258850,-1
258900,-1
259100,1
259200,1
259250,-1
259350,-1
259500,1
259550,-1
259600,-1
259700,1
260000,-1
260050,-1
260100,-1
260150,-1
260450,1
260700,1
260850,-1
261250,-1
261400,-1
261450,-1
261500,1
261550,1
261650,1
261700,1
261800,-1
262350,-1
262450,-1
262800,-1
262850,-1
262900,1
263000,1
263100,-1
263500,-1
263550,1
263600,1
263850,1
263950,-1
264000,-1
264100,-1
264200,-1
264400,-1
264550,-1
264950,1
265100,1
265150,-1
265300,-1
265350,1
265450,-1
265550,1
265650,1
265800,-1
266050,-1
266150,-1
266300,-1
266550,-1
266850,-1
266950,-1
267000,-1
267100,-1
267150,1
267200,1
267250,-1
267300,-1
267350,-1
267500,1
267650,1
267700,1
267750,-1
267800,1
267850,1
268050,-1
268300,-1
268600,1
268700,-1
268750,-1
268900,1
269050,-1
269450,1
269700,-1
269750,1
269850,-1
270050,-1
270200,1
270250,-1
270350,-1
270500,-1
270550,-1
270800,-1
270900,1
270950,1
271100,-1
271150,1
271200,-1
271400,-1
271700,1
272050,1
272100,-1
272150,-1
272200,1
272300,1
272350,1
272450,1
272550,-1
272650,1
272700,-1
273000,1
273050,-1
273150,1
273200,-1
273350,1
273400,1
273550,-1
273600,-1
273700,1
273750,-1
273800,-1
273850,-1
273950,1
274100,1
274150,1
274250,-1
274400,-1
274600,-1
274650,1
274700,-1
274800,-1
274900,-1
274950,-1
275050,-1
275250,1
275350,-1
275550,-1
275600,-1
276050,-1
276100,-1
276300,1
276350,-1
276450,1
276600,-1
277050,-1
277100,-1
277150,-1
277350,-1
277500,-1
277750,1
277800,-1
278000,-1
278050,-1
278100,-1
278250,-1
278300,1
278400,-1
278600,1
278850,1
278950,1
279000,-1
279150,1
279350,1
279500,-1
279550,1
279750,1
279800,1
279850,1
279950,-1
280000,1
280050,1
280400,-1
280450,-1
280500,-1
280700,-1
280850,1
280900,1
280950,-1
281000,-1
281050,-1
281100,-1
281150,-1
281250,1
281300,1
281350,-1
281450,-1
281550,1
281650,1
281700,-1
281750,-1
281850,-1
281950,-1
282000,-1
282100,-1
282150,-1
282250,-1
282300,-1
282350,1
282400,-1
282550,1
282700,1
282800,-1
282850,-1
282900,-1
282950,-1
283150,-1
283400,1
283450,1
283750,-1
283800,-1
283850,-1
284050,-1
284100,-1
284350,-1
284450,-1
284500,-1
284650,-1
284700,1
284850,-1
284950,1
285000,-1
285050,1
285150,-1
285350,1
285750,-1
286200,-1
286350,-1
286450,-1
286700,-1
286900,1
286950,1
287050,-1
287100,-1
287150,-1
287200,-1
287300,1
287350,1
287450,1
287500,1
287600,-1
287650,1
287850,1
288000,-1
288050,-1
288150,-1
288250,-1
288400,1
288450,-1
288600,1
288650,-1
288700,-1
289050,-1
289100,1
289350,-1
289400,-1
289650,1
289750,-1
289900,-1
290000,-1
290050,1
290100,1
290150,-1
290300,-1
290600,-1
290900,-1
290950,-1
291000,-1
291350,-1
291500,-1
291700,1
291950,-1
292100,-1
292150,-1
292300,-1
292500,1
292650,1
293250,1
294000,1
294050,-1
294150,1
294250,1
294500,-1
294550,-1
294600,-1
294750,1
294900,-1
295050,-1
295500,1
295550,-1
295700,-1
295900,-1
295950,-1
296000,-1
296050,1
296150,-1
296200,-1
296250,-1
296300,-1
296350,-1
296450,1
296500,-1
296550,1
296600,-1
296750,-1
296900,1
297200,1
297250,-1
297350,-1
297450,-1
297550,-1
297600,-1
297650,1
297950,1
298100,-1
298200,1
298300,1
298350,1
298400,1
298650,-1
298750,1
298800,1
298850,1
298950,1
299000,-1
299050,1
299200,-1
299300,-1
299700,1
299800,-1
299850,1
300000,-1
300150,-1
300350,-1
300400,-1
300600,-1
300800,-1
300950,1
301000,1
301150,1
301200,-1
301550,-1
301650,1
301700,-1
301750,-1
302100,-1
302200,-1
302250,1
302300,1
302400,1
302500,1
302600,1
302650,1
302700,1
302800,-1
302850,-1
303000,1
303100,-1
303150,-1
303200,-1
303250,-1
303550,1
303600,-1
303900,-1
304450,-1
304550,1
304600,-1
304750,-1
304900,-1
304950,1
305150,1
305250,1
305300,-1
305600,-1
305650,-1
305750,-1
305900,-1
306100,1
306250,-1
306350,-1
306400,-1
306750,-1
306950,-1
307050,-1
307100,-1
307150,-1
307350,-1
307400,1
307650,-1
307850,-1
308200,-1
308450,-1
308700,-1
308750,-1
308800,-1
308850,1
308900,-1
308950,-1
309000,-1
309100,-1
309150,1
309300,-1
309450,1
309800,-1
310150,1
310350,1
310400,-1
310700,-1
310750,1
310800,1
310850,1
311250,1
311500,-1
311650,1
311850,1
312000,1
312050,1
312100,1
312150,-1
312250,1
312450,1
312600,-1
312650,1
312700,1
312750,-1
312850,1
313000,1
313050,-1
313150,-1
313250,1
313350,-1
313550,-1
313600,-1
313700,1
313800,-1
314050,1
314250,1
314350,-1
314500,1
314600,1
314950,1
315200,1
315250,1
315300,-1
315500,-1
315550,-1
315600,-1
315850,-1
315900,-1
316200,1
316300,1
316350,1
316400,-1
316450,1
316600,-1
316850,1
316950,-1
317100,-1
317150,-1
317200,-1
317500,1
317700,1
317750,-1
318000,-1
318100,-1
318250,-1
318300,1
318350,1
318400,-1
318500,-1
318550,-1
318700,1
318850,-1
319000,-1
319100,1
319150,1
319550,-1
319750,-1
320050,-1
320100,1
320200,1
320350,-1
320450,1
320600,1
320650,1
320700,-1
320750,-1
320850,1
320900,-1
320950,-1
321000,-1
321200,1
321250,-1
321300,-1
321400,-1
321450,-1
321600,-1
321750,1
321800,1
321900,1
321950,1
322050,-1
322100,1
322150,-1
322250,-1
322350,-1
322450,-1
322650,-1
322700,-1
322800,1
322900,-1
322950,1
323000,-1
323050,-1
323150,-1
323250,-1
323300,-1
323450,-1
323500,-1
323600,-1
323800,-1
324000,-1
324100,-1
324200,-1
324300,1
324850,1
325000,1
325250,-1
325300,-1
325350,-1
325500,1
325550,-1
325650,-1
325700,-1
325750,1
325850,1
325900,1
326250,-1
326300,1
326350,-1
326400,1
326550,1
326650,-1
326700,-1
326750,-1
326900,1
326950,-1
327250,-1
327300,1
327400,-1
327700,-1
327850,-1
327900,1
327950,1
328150,1
328200,-1
328250,-1
328300,-1
328350,1
328400,1
328600,-1
328650,1
328800,-1
328950,1
329100,1
329200,1
329450,1
329550,-1
329600,1
329750,1
329800,1
329850,1
329900,1
329950,1
330050,1
330100,-1
330200,-1
330250,-1
330350,-1
330650,-1
330900,-1
331250,-1
331400,1
331500,1
331550,1
331600,-1
331650,-1
331750,-1
331800,1
332200,1
332550,-1
332650,1
332700,-1
332750,1
332900,1
332950,1
333000,-1
333100,1
333200,-1
333400,-1
333450,-1
333700,1
333800,-1
333900,1
334050,-1
334150,1
334200,-1
334250,1
334350,1
334550,1
334600,-1
334900,-1
334950,-1
335000,1
335250,-1
335300,1
335350,-1
335450,1
335550,-1
335650,-1
335750,-1
335900,1
335950,1
336100,-1
336350,-1
336800,-1
336850,-1
336900,1
336950,-1
337000,1
337050,-1
337300,-1
337400,1
337450,-1
337550,1
337650,-1
337700,-1
337900,-1
338100,-1
338150,-1
338350,-1
338400,1
338450,-1
338500,1
338650,-1
338900,-1
339150,1
339200,1
339250,1
339300,1
339450,-1
339500,-1
339550,1
339650,1
339850,-1
339900,-1
340050,1
340100,-1
340200,-1
340250,-1
340300,-1
340750,-1
340800,1
340850,1
341200,-1
341550,-1
341600,1
341650,-1
341750,-1
341900,1
341950,-1
342100,-1
342150,-1
342200,-1
342300,-1
342400,-1
342600,1
342650,-1
342700,-1
343000,1
343100,-1
343150,1
343300,-1
343550,1
343600,1
343850,1
343900,1
343950,-1
344200,-1
344350,-1
344400,-1
344450,-1
344650,-1
344750,-1
344850,-1
344900,1
344950,-1
345100,-1
345200,1
345350,-1
345550,-1
345650,1
345800,-1
345850,1
345950,1
346100,1
346250,-1
346300,-1
346350,-1
346450,1
346550,-1
346850,1
346950,-1
347000,1
347050,-1
347100,-1
347300,-1
347400,1
347450,-1
347600,-1
348150,-1
348350,-1
348600,-1
348650,1
348800,-1
348850,-1
348950,-1
349050,1
349100,-1
349250,1
349300,-1
349400,-1
349450,1
349550,1
349700,1
100050,-1
100100,-1
100200,1
100400,-1
100700,1
100750,-1
100850,-1
100950,-1
101050,1
101100,-1
101450,1
101500,-1
101600,-1
101900,-1
102050,1
102150,1
102300,-1
102700,1
102950,-1
103150,-1
103250,-1
103600,-1
103650,1
103800,-1
103900,-1
103950,1
104950,1
105150,-1
105350,-1
105850,1
106000,1
106100,-1
106300,1
106400,-1
106500,-1
107000,1
107500,-1
107900,-1
108000,-1
108050,-1
108450,1
108500,-1
108600,-1
108700,1
108800,-1
108850,-1
109150,-1
109200,1
109350,-1
109400,-1
109800,-1
110100,-1
110750,-1
110900,-1
111100,-1
111300,-1
111500,1
111550,-1
111600,-1
112050,-1
112100,-1
112150,1
112200,-1
112350,1
112550,1
112650,-1
112700,1
112750,-1
112800,-1
112900,1
112950,1
113150,-1
113250,1
113400,1
113600,-1
113750,1
113800,1
114200,1
114250,1
114500,1
114550,1
114600,-1
114850,1
114900,-1
114950,1
115150,1
115200,1
115350,-1
115500,-1
115600,-1
115750,-1
115850,1
115900,-1
116100,-1
116150,-1
116450,1
116650,1
116800,-1
116900,-1
117250,-1
117350,1
117400,-1
117450,-1
117850,-1
117900,-1
117950,1
118000,-1
118150,-1
118350,-1
118450,-1
118600,-1
118700,1
119100,-1
119150,1
119250,-1
119350,-1
119400,1
119700,-1
119900,-1
120050,1
120200,-1
120750,1
121200,1
121550,1
121850,-1
121900,-1
121950,1
122050,-1
122250,-1
122300,1
122400,-1
122900,-1
123400,-1
123450,-1
123650,-1
123750,-1
123800,-1
123950,-1
124050,-1
124200,-1
124450,-1
124600,1
124650,-1
124750,-1
124850,1
125150,-1
125300,-1
125500,-1
125550,-1
125650,1
126000,1
126050,-1
126100,-1
126300,1
126400,-1
127300,-1
127350,-1
127400,1
127450,-1
128050,-1
128300,-1
128550,-1
128600,1
128850,-1
129050,-1
129100,-1
129150,-1
129200,1
129400,1
129550,-1
129850,1
129950,-1
130200,-1
130300,1
130350,1
130400,-1
130500,1
130550,-1
130800,-1
131300,-1
131350,-1
131400,1
131700,-1
131900,-1
132100,-1
132150,1
132250,1
132300,-1
132500,1
132650,-1
132900,-1
132950,-1
133050,-1
133200,-1
133250,-1
133300,-1
133550,1
133650,-1
133850,-1
134000,-1
134050,-1
134150,1
134300,-1
134350,1
134450,-1
134550,-1
134850,-1
135100,-1
135250,1
135500,1
135600,1
135700,1
135800,-1
135850,-1
135950,-1
136050,1
136350,-1
136700,-1
136900,1
136950,-1
137250,-1
137500,-1
137650,-1
137950,-1
138200,-1
138250,-1
138450,-1
138750,-1
139000,-1
139100,-1
139250,-1
139550,1
139800,1
139900,-1
140000,1
140200,1
140450,1
140500,-1
140650,1
140750,-1
141000,-1
141050,1
141150,1
141200,-1
141400,-1
141850,-1
142000,-1
142150,-1
142700,1
142750,-1
142950,-1
143050,-1
143100,1
143150,-1
143200,-1
143650,-1
143800,1
144000,-1
144100,1
144250,1
144300,-1
144350,-1
144400,1
144450,-1
144550,-1
144600,-1
144850,-1
145150,-1
145500,1
145900,1
146150,1
146400,1
146450,-1
146800,1
146900,-1
146950,-1
147100,-1
147300,1
147350,-1
147500,-1
147600,-1
147650,-1
147800,-1
147900,-1
148000,1
148050,-1
148100,1
148250,-1
148400,-1
148500,-1
148650,-1
148700,1
148800,-1
148850,-1
149000,-1
149050,-1
149450,1
149700,1
149750,1
149800,-1
149850,-1
149950,-1
150400,-1
150550,-1
150600,-1
150700,-1
150800,-1
150850,-1
151100,-1
151250,-1
151300,-1
151350,-1
151850,-1
152250,1
152550,-1
152650,-1
152950,-1
153100,1
153150,-1
153450,-1
153500,1
153850,-1
154000,-1
154050,1
154100,-1
154200,-1
154250,1
154400,1
154500,-1
155050,-1
155100,-1
155300,-1
155550,1
155700,-1
155750,1
156000,1
156050,-1
156100,-1
156300,-1
156650,-1
156700,-1
156750,1
156900,-1
157500,-1
157650,-1
157800,-1
157900,-1
158100,1
158600,-1
158850,-1
158950,-1
159350,-1
159400,-1
159500,1
159800,-1
159850,1
159950,-1
160000,1
160100,-1
160150,-1
160300,-1
160550,-1
160600,-1
160750,-1
160950,-1
161000,1
161050,-1
161400,-1
161850,1
161950,-1
162100,1
162150,-1
162600,-1
162650,-1
163200,-1
163350,1
163450,1
163550,-1
163600,-1
163650,-1
163750,1
164000,1
164150,1
164200,1
164300,-1
164500,-1
164550,-1
164750,-1
164850,-1
165300,-1
165350,-1
165600,-1
166000,-1
166050,-1
166150,-1
166200,-1
166250,-1
166450,-1
167050,-1
167350,-1
167600,1
167650,-1
167700,-1
168250,-1
168300,-1
168500,-1
168550,-1
168600,-1
168750,-1
169150,-1
169200,1
169400,1
169500,-1
169750,1
169850,-1
170000,-1
170350,1
170400,-1
170850,-1
170900,-1
171000,1
171100,-1
171150,1
171250,-1
171450,1
171750,-1
171800,-1
172200,-1
172350,-1
172400,-1
172450,-1
173000,-1
173100,1
173200,1
173350,-1
173400,1
173500,-1
173650,1
173850,-1
173900,1
174100,-1
174350,-1
174450,-1
174550,1
174650,1
174950,-1
175000,1
175050,-1
175200,1
175300,-1
175350,-1
175750,-1
175900,-1
176150,-1
176300,-1
176350,-1
176500,-1
176550,-1
176800,-1
177150,-1
177450,-1
177750,-1
177900,1
178000,-1
178300,-1
178400,-1
178450,-1
178600,1
178650,1
178850,1
178900,-1
179100,-1
179350,-1
179450,1
179650,-1
179800,-1
179900,1
179950,1
180000,1
180200,-1
180250,1
180400,-1
180600,1
181100,-1
181200,-1
181250,-1
181450,-1
181600,1
181800,-1
181850,1
181950,-1
182050,-1
182100,-1
182150,1
182200,-1
182250,1
182350,-1
182400,-1
182650,1
182750,-1
183000,1
183100,-1
183400,-1
183650,-1
183800,-1
183850,-1
183900,-1
184100,-1
184200,-1
184300,1
184400,-1
184450,-1
184500,-1
184550,-1
184750,-1
184850,-1
184950,1
185000,-1
185050,1
185250,-1
185350,-1
185850,-1
185950,-1
186000,-1
186250,-1
186500,-1
186650,-1
186850,1
187300,1
187400,-1
187700,1
188400,-1
188600,-1
188750,-1
189000,1
189150,-1
189900,-1
190050,-1
190150,-1
190850,-1
190950,1
191050,-1
191200,1
191250,-1
191300,1
191600,1
192100,1
192300,-1
192350,-1
192400,1
192500,-1
192600,-1
192750,1
192950,-1
193050,1
193250,-1
193550,-1
193600,1
193650,1
193750,-1
193800,1
193850,-1
193900,1
194100,1
194450,-1
194600,1
194650,-1
194700,1
194800,1
194850,1
195050,-1
195200,-1
195300,1
195350,-1
195450,-1
195550,1
195650,-1
195700,-1
195750,1
195900,1
196050,1
196400,1
196550,-1
196700,-1
196800,-1
197000,1
197050,1
197400,-1
197450,1
197650,-1
197850,1
198000,-1
198100,-1
198550,-1
198650,1
198700,-1
198750,1
198800,-1
199100,-1
199200,1
199250,-1
199400,-1
199500,-1
199550,-1
199600,1
199850,-1
199950,1
200100,1
200400,1
200450,-1
200500,-1
200550,-1
200600,-1
200750,1
201100,-1
201750,-1
201900,1
201950,-1
202300,-1
202450,1
202500,-1
202550,1
202900,1
203050,-1
203200,-1
203300,1
203400,1
203750,1
203900,1
204000,1
204200,-1
204600,-1
204700,-1
204800,-1
205000,-1
205350,1
205550,-1
205650,-1
205800,-1
206050,-1
206100,-1
206450,1
206550,-1
206600,1
206950,1
207150,-1
207200,-1
207350,-1
207700,1
207750,-1
208050,-1
208600,-1
208750,-1
208800,-1
209150,1
209250,-1
209400,-1
209500,-1
209650,-1
209800,-1
209950,1
210150,-1
210550,-1
210850,-1
210950,-1
211000,-1
211150,-1
211250,1
211300,-1
211350,-1
211450,1
211750,1
211850,-1
211950,1
212000,-1
212050,-1
212150,-1
212300,1
212600,-1
212700,-1
212750,-1
212850,-1
212900,1
212950,1
213150,-1
213250,1
213400,-1
213500,-1
213800,-1
213850,-1
213900,-1
214050,-1
214150,-1
214300,-1
214350,1
214500,1
215000,1
215150,-1
215200,-1
215300,-1
215650,-1
215850,-1
215900,-1
216300,1
216450,1
216650,-1
216850,1
217150,1
217700,1
217750,-1
217800,-1
218300,-1
218400,1
218450,1
218500,-1
219000,1
219300,1
219450,-1
219550,-1
219650,-1
219750,1
219950,1
220200,1
220400,-1
220450,-1
220500,-1
220550,1
220600,-1
220650,1
220800,-1
220950,-1
221100,-1
221350,1
221500,-1
221550,-1
221750,-1
221850,-1
222100,-1
222150,-1
222250,-1
222450,1
222650,1
222750,1
222900,-1
223200,1
223300,-1
223400,-1
223500,-1
223650,-1
223800,-1
223950,-1
224000,1
224050,-1
224200,-1
224450,-1
224500,-1
224850,-1
224900,-1
224950,-1
225250,-1
225500,-1
225550,1
225650,1
226050,1
226200,1
226250,-1
226350,-1
226500,1
226700,-1
226800,-1
226950,-1
227050,-1
227100,-1
227350,-1
227550,1
227600,-1
227700,-1
227800,1
227850,-1
228050,-1
228100,1
228250,-1
228350,1
228850,1
229200,-1
229350,-1
229550,-1
229700,1
230000,1
230100,1
230150,-1
230300,-1
230350,1
230450,-1
230500,-1
230650,-1
231300,1
231450,-1
231500,-1
231550,-1
231600,-1
231850,-1
232250,-1
232600,-1
232850,-1
233200,-1
233350,1
233550,-1
233600,-1
233650,1
233700,-1
233800,1
234000,1
234100,1
234250,1
234400,1
234450,-1
234600,1
235000,1
235100,-1
235200,1
235800,-1
236050,1
236200,-1
236250,-1
236500,-1
236850,1
237100,1
237200,1
237350,-1
237500,-1
237750,-1
237900,-1
238100,1
238150,1
238250,1
238400,-1
238550,1
238650,1
238800,-1
238900,1
239200,-1
239300,1
239450,-1
239700,-1
240000,-1
240300,1
240450,-1
240550,-1
240600,-1
240700,-1
241050,-1
241150,-1
241350,-1
241450,-1
241550,-1
241600,-1
241650,-1
241800,1
241900,-1
242150,1
242200,1
242550,-1
242600,1
242700,-1
242750,1
242800,1
242850,1
243350,-1
243400,1
243650,-1
244000,-1
244100,1
244150,-1
244350,-1
244600,-1
244850,-1
245100,-1
245150,-1
245400,-1
245650,-1
245750,-1
245800,1
245900,1
246200,-1
246300,1
246350,-1
246400,1
246650,-1
246800,1
246950,-1
247100,-1
247250,-1
247400,-1
247550,-1
248100,-1
248550,-1
248600,-1
248800,1
248900,-1
248950,-1
249050,-1
249300,-1
249850,-1
249950,-1
250200,-1
250300,-1
251200,-1
251250,-1
251300,-1
251400,-1
251500,1
251800,-1
251850,-1
251950,-1
252200,-1
252300,-1
252450,-1
252550,1
252600,-1
252950,-1
253400,-1
253500,-1
253650,-1
253800,-1
253950,-1
254300,-1
254500,-1
254550,-1
254600,-1
254800,-1
254950,-1
255400,1
255500,1
255600,1
255700,1
255750,-1
255850,-1
255950,-1
256000,1
256250,-1
256300,-1
256400,-1
256450,-1
256500,-1
256850,-1
257050,-1
257150,1
257300,-1
257350,-1
257500,1
257850,1
257900,1
258000,-1
258100,-1
258200,-1
258400,-1
258700,-1
258950,-1
259000,-1
259150,-1
259300,-1
259800,1
259850,1
259900,-1
259950,1
260200,-1
260300,-1
260350,-1
260600,1
260750,-1
260800,1
260950,1
261000,1
261050,-1
261100,-1
261150,-1
261300,-1
261750,1
261850,-1
261900,1
261950,1
262000,-1
262100,-1
262250,-1
262400,-1
262600,-1
263250,-1
263300,-1
263450,1
263650,1
263750,1
263800,-1
263900,-1
264050,-1
264250,1
264300,-1
264350,-1
264450,-1
264500,-1
264600,1
265050,1
265200,-1
265400,1
265500,-1
265600,-1
265750,-1
265900,-1
266000,-1
266100,1
266250,-1
266350,-1
266450,-1
266500,-1
266600,-1
266650,-1
266700,-1
266750,-1
266800,-1
266900,-1
267050,-1
267400,-1
267600,1
267900,1
267950,1
268100,-1
268200,-1
268250,-1
268400,-1
268450,-1
268500,1
268650,-1
268950,-1
269100,-1
269150,1
269350,-1
269400,-1
269500,-1
269550,1
269650,-1
269800,-1
269950,-1
270150,1
270300,-1
270400,1
270750,-1
270850,-1
271250,-1
271300,-1
271350,-1
271450,-1
271750,1
271900,1
271950,1
272000,-1
272250,1
272400,-1
272800,-1
273300,1
273450,-1
273650,-1
274000,-1
274050,1
274350,-1
274500,-1
274750,-1
275000,1
275200,-1
275400,-1
275450,-1
275500,-1
275700,1
275750,-1
275800,-1
275850,-1
275900,-1
276150,-1
276250,-1
276400,-1
276550,-1
276650,-1
276700,-1
276800,-1
276850,-1
276950,1
277200,1
277250,1
277400,-1
277650,-1
277850,1
277900,-1
278650,1
278900,1
279100,1
279300,-1
279400,-1
279450,-1
279650,-1
279900,-1
280100,1
280150,-1
280200,1
280300,1
280550,1
280750,-1
281400,-1
281500,1
281600,-1
281800,-1
281900,1
282050,-1
282600,-1
282650,-1
282750,-1
283000,-1
283050,1
283200,-1
283250,-1
283600,-1
283650,-1
283700,-1
283900,1
284000,-1
284400,1
284550,-1
284800,-1
284900,-1
285100,1
285200,1
285400,1
285450,-1
285600,-1
285650,-1
285700,-1
285800,-1
285850,-1
285900,-1
285950,-1
286500,1
286650,-1
286750,-1
286800,1
286850,-1
287250,-1
287400,1
287750,1
287800,-1
287950,-1
288500,1
288550,-1
288750,-1
288900,-1
289150,-1
289200,-1
289250,-1
289300,-1
289500,-1
289600,-1
289700,-1
289800,-1
289950,-1
290250,-1
290400,-1
290500,1
290750,-1
290800,1
291050,-1
291200,1
291250,-1
291300,-1
291400,1
291550,-1
291600,1
291650,-1
291750,-1
291900,-1
292450,-1
292600,-1
292700,-1
292750,-1
292950,1
293000,-1
293200,1
293300,-1
293400,-1
293450,-1
293600,-1
293900,-1
293950,-1
294100,1
294200,1
294350,-1
294650,-1
294700,-1
294800,-1
294950,-1
295100,1
295200,-1
295350,-1
295650,-1
295800,-1
296700,1
296950,-1
297300,-1
297400,-1
297750,-1
297800,1
298050,-1
298250,1
298700,-1
298900,-1
299250,-1
299450,1
299500,-1
299550,-1
299750,-1
299900,1
299950,-1
300050,1
300200,-1
300250,-1
300300,1
300500,-1
300650,-1
300700,-1
300850,-1
301100,-1
301250,-1
301300,-1
301400,-1
301600,-1
301950,-1
302350,1
302450,-1
302950,1
303050,1
303300,1
303350,1
303450,-1
303500,-1
303650,1
303700,1
303750,-1
303950,-1
304000,-1
304100,-1
304250,-1
304300,-1
304650,-1
304700,-1
305050,-1
305450,-1
305550,-1
306050,-1
306150,1
306300,-1
306450,1
306500,-1
306550,1
306650,-1
306700,-1
306800,-1
306850,-1
306900,-1
307000,1
307200,-1
307250,-1
307300,-1
307550,-1
307900,-1
308100,-1
308250,1
308350,-1
308600,-1
308650,-1
309050,1
309250,1
309400,1
309700,-1
309750,1
310000,1
310100,-1
310200,-1
310300,-1
310500,-1
310950,1
311000,-1
311300,1
311350,1
311450,-1
311550,1
311700,-1
311750,1
311800,-1
311950,1
312200,-1
312500,-1
312800,1
312900,-1
312950,-1
313100,1
313200,-1
313450,1
313500,-1
313850,1
313950,1
314000,-1
314150,-1
314200,-1
314300,-1
314450,-1
315050,-1
315150,-1
315350,-1
315400,-1
315450,-1
315700,1
315750,-1
315800,-1
316000,-1
316050,-1
316100,-1
316150,1
316250,1
316550,1
316650,-1
316700,-1
317000,1
317300,1
317350,-1
317450,1
317550,-1
317600,-1
317650,1
317800,1
317950,1
318150,-1
318200,-1
318600,1
318900,-1
318950,-1
319250,-1
319300,-1
319350,-1
319400,1
319500,-1
319650,1
319700,1
319850,-1
319950,1
320150,-1
320250,-1
320300,-1
320400,1
321050,1
321150,1
321500,-1
321550,-1
322000,-1
322200,-1
322300,-1
322500,-1
322750,-1
323100,-1
323400,1
323700,1
323950,-1
324500,-1
324600,1
324650,1
324750,1
324800,1
324900,-1
325150,-1
325400,-1
325450,-1
325600,1
326100,-1
326150,-1
326200,-1
327000,1
327050,-1
327100,-1
327150,1
327200,1
327450,-1
327500,-1
327550,-1
327650,-1
327800,-1
328500,-1
328700,-1
328850,-1
328900,-1
329050,-1
329150,-1
329350,-1
329500,1
330000,1
330150,-1
330400,-1
330450,-1
330500,1
330550,-1
330800,-1
330950,1
331000,-1
331050,-1
331350,-1
331850,1
331900,-1
331950,-1
332000,1
332050,-1
332150,1
332250,-1
332300,-1
332400,1
332500,-1
332800,-1
332850,-1
333050,-1
333150,-1
333250,1
333300,-1
333350,1
333500,1
333550,-1
333850,-1
333950,-1
334000,1
334100,-1
334400,-1
334500,-1
335050,-1
335100,1
335150,-1
335500,-1
335800,1
335850,-1
336000,1
336050,1
336200,-1
336250,-1
336450,1
336500,-1
336550,-1
336600,1
336650,1
336750,-1
337200,-1
337250,1
337350,1
337500,-1
337600,1
337750,1
337800,1
337850,-1
337950,-1
338250,-1
338600,1
338750,-1
338800,-1
338850,1
339000,-1
339050,-1
339350,-1
339600,-1
339750,1
339800,1
339950,-1
340000,1
340400,-1
340450,1
340500,-1
340550,-1
340650,1
340900,1
341100,-1
341150,-1
341250,-1
341300,1
341350,-1
341450,1
341500,-1
341800,1
341850,-1
342000,-1
342450,-1
342550,1
342800,1
343050,1
343250,1
343350,-1
343750,-1
344000,-1
344100,-1
344150,1
344250,-1
344500,-1
344800,-1
345000,-1
345050,1
345150,-1
345250,-1
345300,1
345400,1
345500,-1
345600,-1
345700,-1
345750,-1
345900,1
346000,1
346050,1
346150,-1
346200,-1
346500,-1
346650,-1
346800,1
346900,-1
347150,-1
347350,1
347500,-1
347550,1
347700,-1
347750,1
347800,-1
347950,-1
348300,-1
348400,1
348500,-1
348700,-1
348750,-1
349000,-1
349350,1
349500,-1
349650,-1
349850,1
349900,-1
349950,1
100000,1
100150,1
100250,1
100450,1
100600,1
101250,-1
101650,-1
102250,-1
102400,-1
102500,1
102550,-1
103100,-1
103400,-1
103550,1
103850,-1
104050,1
104150,-1
104650,-1
104750,-1
105100,-1
105250,1
105550,1
105700,-1
105750,-1
106050,1
106150,-1
106350,-1
106600,-1
106850,-1
106900,-1
107100,-1
107300,1
107550,1
107750,1
107850,1
108250,-1
108400,-1
109000,1
110000,1
110150,-1
110700,-1
110950,1
111000,1
111050,-1
111150,-1
111200,1
111350,1
111650,-1
111800,-1
112000,1
112500,-1
112850,-1
113000,1
113050,-1
113100,1
113650,-1
113900,1
114050,-1
114300,1
114700,1
114800,-1
115400,-1
115450,1
115650,1
115700,-1
115800,1
116050,1
116200,-1
116500,1
116850,1
116950,1
117300,1
117600,1
117650,-1
117750,-1
118400,-1
118550,-1
119050,-1
119450,1
119600,-1
120250,-1
120300,1
120450,1
120500,-1
120600,-1
120850,1
121350,-1
121400,-1
121500,1
122500,1
122550,-1
122750,1
122950,-1
123050,-1
123100,-1
123200,1
123350,1
124000,-1
124100,1
124400,1
124500,-1
125250,-1
125450,1
126550,1
126800,-1
126850,1
126900,1
127600,1
127650,-1
127700,1
128250,1
128400,1
128450,1
128700,1
128950,1
129300,-1
129450,1
129750,-1
130050,1
130250,-1
130600,-1
131050,1
131200,-1
131250,-1
131450,-1
131550,1
131950,-1
132050,-1
132200,-1
132450,1
132550,-1
132600,-1
132750,1
132800,1
133000,-1
133500,1
133750,-1
134200,1
134600,1
134650,1
134800,-1
135300,-1
135400,1
135550,1
135900,-1
136000,1
136150,-1
136400,1
136750,1
137100,1
137350,-1
137400,1
137450,1
137700,-1
138000,-1
138150,1
138300,1
138350,1
138500,-1
138550,1
138600,1
138800,-1
138950,1
139750,1
140150,1
140300,1
140550,-1
140800,-1
140850,1
140900,1
141450,1
141500,-1
141750,1
142500,1
142550,1
142900,1
143250,-1
143300,1
143350,1
143400,1
143750,1
143900,-1
144900,1
144950,1
145300,1
145450,-1
145600,-1
145850,1
146050,1
146200,1
146300,1
146350,-1
146500,-1
146550,-1
146650,1
148750,-1
148900,-1
149650,1
150000,1
150250,1
150450,-1
150750,-1
151050,1
151400,1
151500,1
151700,-1
151750,1
151950,1
152000,-1
152050,-1
152350,-1
152400,-1
152600,1
152900,1
153250,1
153400,1
153550,1
153700,-1
153750,1
153950,-1
154350,-1
154600,1
154650,1
154700,1
154900,1
155000,1
155150,1
155400,1
155450,1
155650,1
156450,-1
156600,-1
157100,-1
157350,1
157450,1
157750,1
157850,-1
158000,1
158700,1
159200,-1
159450,-1
159550,1
159650,1
159900,1
160250,1
160450,1
160900,1
161150,-1
161200,1
161250,-1
161300,1
161350,1
161450,1
161650,1
161800,-1
162250,1
162700,1
162750,-1
164250,-1
164650,-1
164700,-1
164900,1
165150,-1
165550,1
165650,1
165800,-1
165850,-1
166100,-1
166600,1
166650,1
166700,1
166900,-1
166950,-1
167100,1
167150,1
167200,-1
167250,-1
167750,1
167800,1
167900,-1
168000,-1
168200,1
168400,1
168700,1
168950,-1
169550,-1
169650,-1
169800,1
169950,1
170050,1
170150,-1
170600,1
170750,-1
170800,-1
171200,-1
171300,1
171400,-1
171700,1
171900,-1
171950,-1
172050,1
172150,1
172700,-1
172800,-1
173050,1
173250,-1
173700,1
173800,1
173950,1
174000,1
174200,-1
174500,-1
174750,-1
174800,1
175150,1
175400,-1
175500,-1
175550,1
175650,-1
176000,1
176450,-1
176650,1
176700,1
176850,-1
176900,1
177000,1
177050,-1
177200,1
177350,-1
177650,-1
177800,-1
177850,1
177950,-1
178100,-1
178250,-1
178550,-1
179200,1
179250,1
179850,-1
180100,1
180650,1
180950,1
181000,-1
181150,1
181500,-1
181700,-1
182500,-1
182600,1
182800,-1
182900,1
183150,1
183200,-1
183300,-1
183450,1
183500,1
183950,-1
184050,-1
184250,1
184650,1
184700,-1
185100,1
185300,-1
185800,1
186050,-1
186150,-1
186200,1
186300,-1
186400,-1
186900,-1
187000,-1
187050,-1
187950,1
188200,-1
188300,1
188550,1
188650,1
188850,-1
189050,1
189250,1
189350,1
189750,-1
189850,1
190000,1
190450,-1
190700,1
191100,-1
191450,-1
191500,1
191650,-1
192450,1
192700,-1
192850,1
193150,1
193300,-1
193450,-1
194200,1
194750,1
194900,1
194950,-1
195850,-1
195950,1
196300,-1
196350,-1
196500,1
196750,1
196900,-1
197100,1
197250,1
197350,1
197550,1
197700,1
197900,-1
198900,-1
198950,-1
199000,-1
199350,-1
199750,-1
199900,1
200150,-1
200200,-1
200350,-1
200650,1
201300,-1
201400,-1
201600,-1
201700,1
201800,-1
202050,-1
202150,-1
202250,1
202600,-1
202850,-1
203600,-1
203800,-1
203950,-1
204350,1
204500,1
204850,1
205250,1
205700,1
205850,1
206000,1
206500,-1
206800,1
206900,1
207250,-1
207300,1
207550,-1
207650,1
208000,1
208100,1
208200,-1
208400,1
208850,-1
208950,-1
209000,1
209050,-1
209200,1
209450,1
209700,1
209850,1
210100,1
210200,1
210400,-1
210600,-1
210650,1
210750,1
211050,-1
211100,-1
211200,1
211400,1
211500,-1
211600,1
211800,-1
212200,1
212450,1
212500,-1
212550,-1
212650,1
212800,-1
213050,1
213200,-1
213650,-1
214450,-1
214750,-1
214850,-1
214900,1
214950,-1
215050,1
215100,-1
215400,-1
215450,1
215550,1
215750,1
215950,1
216100,-1
216150,-1
216400,1
216550,-1
216600,-1
216950,1
217000,-1
217300,-1
217350,1
217400,1
217450,-1
217900,1
218050,-1
218550,-1
218600,1
218700,-1
218750,1
218800,1
218900,1
218950,-1
219350,1
219600,1
219900,1
220050,-1
220250,1
220850,1
221200,1
221600,1
221800,1
221900,-1
221950,-1
222200,1
222300,-1
222500,-1
222850,1
222950,1
223050,-1
223450,-1
223850,1
224150,-1
224350,-1
224600,-1
224650,1
224800,-1
225000,1
225050,-1
225200,-1
225350,1
225400,1
225450,1
225600,-1
225900,1
226150,1
226300,1
226550,1
226650,1
227500,1
227650,1
227750,1
227900,-1
227950,-1
228150,-1
228700,1
228750,1
228950,1
229250,-1
229300,1
229650,1
229750,-1
230050,1
230250,1
230550,1
230750,-1
230800,1
231000,1
231050,1
231100,1
231400,-1
232100,1
232150,1
232200,-1
232350,1
232500,-1
232550,1
232750,-1
233850,1
233900,-1
234050,-1
234150,-1
234200,-1
234300,1
234950,-1
235050,1
235150,1
235350,1
235600,1
235900,-1
236000,-1
236100,-1
236300,1
236350,-1
236700,-1
236800,1
237050,1
237150,-1
237300,1
237950,1
238300,-1
239050,1
239100,-1
239350,-1
239800,-1
239900,1
240050,-1
240200,-1
240400,1
240650,-1
240900,1
241100,-1
241200,-1
241250,1
242100,1
242400,-1
242650,-1
243100,1
243300,-1
243600,1
243700,1
243750,-1
243800,1
243900,1
243950,-1
244050,1
244450,-1
244650,-1
245250,1
246450,-1
246500,1
246750,-1
247150,1
247500,-1
247650,1
247700,1
247850,1
248400,-1
249150,-1
249250,-1
249350,1
249400,-1
249700,1
249900,1
250000,1
250150,-1
250400,1
250650,1
250700,-1
250750,1
250850,1
251550,1
252000,-1
252050,-1
252150,-1
252250,1
253150,1
253550,1
253850,1
254050,-1
254100,1
254400,1
254650,1
254900,-1
255000,-1
255050,-1
255150,1
255450,-1
256050,1
256350,1
256600,1
256800,-1
256950,1
257200,1
257250,1
257450,1
257550,1
258550,-1
258750,-1
258800,1
259750,-1
260250,1
260400,-1
260650,1
260900,1
261350,1
261600,-1
262050,-1
262150,-1
262300,1
262500,1
262650,1
262700,1
262750,1
262950,1
263150,1
263700,-1
264150,1
264650,1
264750,1
264850,1
264900,-1
265250,-1
265700,1
265850,-1
265950,-1
266200,1
266400,1
267450,1
268000,1
268150,1
268350,1
268550,1
268800,1
268850,1
269000,-1
269200,1
269250,1
269300,1
269600,1
269900,1
270000,1
270100,1
270450,1
270600,-1
270650,1
271000,1
271550,1
271650,-1
271800,1
272500,-1
272750,1
272850,1
272900,-1
272950,1
273250,1
273500,1
273900,1
274200,1
274300,-1
274450,1
274550,1
274850,-1
275150,-1
275650,-1
275950,-1
276000,1
276500,-1
276750,1
276900,1
277300,-1
277550,-1
277600,-1
277700,-1
277950,-1
278150,-1
278200,-1
278500,-1
278550,1
278700,1
278750,1
278800,1
279050,1
279200,-1
279600,-1
279700,-1
280250,1
280350,1
280650,1
281200,1
282200,1
282450,1
282500,1
283100,1
283350,-1
283500,1
283950,-1
284150,-1
284250,1
284750,1
285250,1
285300,1
285550,1
286000,-1
286050,-1
286150,1
286300,-1
286550,-1
286600,1
287000,1
287550,1
287700,1
288100,1
288200,1
288300,1
288350,-1
288800,-1
288950,-1
289000,-1
289550,1
289850,1
290350,1
290550,1
290650,1
291150,1
291450,-1
291800,-1
292000,-1
292050,-1
292200,1
292350,-1
292400,-1
292550,1
293050,1
293100,-1
293500,1
293550,1
293650,-1
293700,1
293750,-1
293850,1
294300,1
294400,-1
294450,-1
294850,-1
295000,-1
295250,-1
295300,-1
295450,1
295600,-1
295750,-1
295850,-1
296100,-1
296650,-1
296800,-1
296850,-1
297000,-1
297150,1
297500,1
297700,-1
297900,-1
298150,1
298450,-1
298500,1
298550,-1
299400,1
299650,-1
300100,1
300450,1
300550,-1
300750,1
300900,1
301050,-1
301350,1
301450,1
301800,1
301850,1
302000,-1
302050,1
302550,1
302750,1
302900,1
303400,-1
303800,-1
303850,1
304050,-1
304150,-1
304200,-1
304350,1
304500,1
304850,1
305000,1
305100,1
305400,1
305500,-1
305700,1
305850,1
305950,1
306000,1
307500,1
307600,1
307700,1
307750,1
307800,1
307950,-1
308000,1
308050,1
308150,-1
308300,-1
308400,1
309500,1
309600,1
309650,1
309850,1
309900,1
309950,-1
310050,1
310250,1
310450,-1
310550,1
310600,-1
310900,1
311050,-1
311100,-1
311150,1
311400,1
311600,-1
312300,-1
312350,1
313300,-1
313400,-1
313650,1
313750,1
313900,-1
314100,-1
314650,1
314700,1
314750,-1
314800,1
314850,1
314900,-1
315000,-1
315100,1
315650,1
316500,-1
316750,-1
316800,1
316900,1
317850,1
318450,1
318650,1
318750,1
318800,1
319200,1
319800,-1
319900,-1
320550,1
320800,-1
321350,1
321650,-1
322550,1
322600,1
323550,1
323750,-1
323850,1
323900,1
324050,-1
324250,1
324450,1
324550,1
324700,-1
324950,1
325100,1
325200,-1
325800,-1
325950,1
326000,-1
326050,-1
326450,-1
326600,-1
327750,-1
328450,-1
328550,-1
328750,1
329000,1
329250,1
329400,-1
330300,1
330600,1
330750,-1
330850,-1
331100,1
331150,-1
331300,1
331450,1
332350,1
332450,-1
332600,1
333600,-1
333650,1
333750,1
334300,1
334450,-1
334650,1
334700,-1
334750,-1
334800,-1
335400,-1
335600,1
335700,-1
336150,1
336300,1
336700,-1
337100,-1
338000,1
338200,1
338300,1
338550,-1
338700,-1
338950,1
339100,-1
339400,1
339700,-1
340150,1
340350,1
340600,-1
340700,-1
340950,1
341000,1
341400,1
341700,1
342050,1
342500,-1
342750,1
342850,-1
343200,1
343400,1
343450,1
343650,1
343700,-1
343800,-1
344550,1
344600,-1
344700,-1
345450,1
346400,1
346600,1
346750,1
347200,1
347250,-1
347650,1
347900,1
348100,-1
348250,-1
348550,-1
348900,1
349150,-1
349200,1
349600,1
349750,1
349800,1
101850,1
102800,-1
103300,-1
103500,-1
103700,1
103750,-1
104200,1
104350,-1
104450,1
104900,-1
106250,-1
106550,-1
107700,-1
107800,-1
108100,1
108150,-1
109600,1
110450,1
110550,1
110800,-1
111400,-1
111450,-1
111700,1
111950,-1
112250,-1
112300,-1
112450,-1
113450,1
113550,-1
113850,-1
114100,-1
114150,-1
116250,1
116600,-1
117100,1
117800,-1
118850,-1
119200,1
119650,-1
119950,-1
120800,1
121650,-1
122350,-1
122700,-1
123700,-1
124250,1
125350,-1
125750,-1
126150,-1
126250,1
126600,1
126950,1
127050,-1
127950,1
128100,-1
128150,-1
128350,-1
128500,-1
129500,-1
130650,-1
130850,-1
131150,1
131750,-1
131850,-1
133100,-1
133900,-1
134500,-1
136250,1
136550,1
136650,-1
137750,-1
137800,-1
138400,-1
140350,-1
141100,-1
141550,-1
141900,-1
142300,-1
142350,-1
142400,-1
142800,-1
144500,1
144800,1
145050,-1
145650,-1
146750,-1
147050,-1
147950,-1
148450,-1
149900,-1
150050,-1
150900,-1
152150,-1
153350,1
153600,-1
154150,-1
155250,-1
155350,-1
156250,-1
156400,-1
157050,1
157600,-1
157950,-1
158200,1
158350,-1
159600,-1
159700,-1
160850,-1
161500,-1
161700,-1
162450,1
163250,-1
163400,-1
163700,1
163800,-1
163850,1
164350,-1
164400,-1
165750,-1
165900,-1
165950,-1
166350,-1
166500,1
167000,1
168050,-1
168150,-1
168650,-1
168850,1
169100,-1
170300,-1
172250,-1
172300,-1
173550,1
173600,-1
173750,1
175800,-1
175850,-1
176600,-1
176750,-1
178050,-1
178350,-1
178800,1
180050,1
180450,1
180500,-1
182550,1
184800,-1
185400,-1
185500,-1
185550,-1
185600,-1
185750,-1
186550,1
186750,1
187500,-1
187550,-1
188100,1
189800,1
190250,1
190550,-1
190600,-1
190650,-1
191550,1
191900,-1
192150,1
194500,-1
196200,-1
196600,-1
196650,1
196850,-1
197300,1
198200,-1
198450,-1
199450,1
201050,-1
201350,-1
201500,-1
202000,-1
202650,1
202700,-1
203350,1
204250,-1
204550,-1
204950,-1
205600,-1
206700,-1
207050,-1
207100,-1
207950,1
209100,-1
209900,1
210700,-1
210800,-1
212100,-1
213000,1
213300,1
214100,-1
214400,-1
216200,-1
216800,1
217050,-1
217250,-1
218200,-1
218250,-1
219700,-1
219800,1
220750,-1
222000,-1
222700,-1
223000,-1
223100,-1
223350,1
223750,1
224100,-1
224550,1
225700,1
225800,1
225950,-1
226900,-1
227150,-1
228300,-1
228450,-1
229400,-1
229600,-1
231650,1
233100,-1
234350,1
236750,-1
237400,1
237450,1
237550,-1
237650,1
238350,-1
238500,1
239400,-1
240100,1
240150,1
240500,-1
240950,-1
241400,-1
242000,-1
242050,-1
242250,-1
242900,-1
243000,-1
243050,-1
243450,-1
244300,1
244700,-1
244800,-1
245000,1
245050,1
245350,1
245550,1
246600,1
247000,-1
247050,-1
247350,-1
247950,-1
248250,-1
248300,-1
248750,-1
249200,1
249750,1
250950,-1
251700,-1
251750,-1
251900,-1
252650,1
252700,-1
253000,-1
253450,-1
254150,-1
254200,-1
254750,-1
255900,-1
256750,1
257100,1
257700,1
258150,-1
258650,-1
259050,-1
259400,1
259450,1
259650,1
260500,-1
260550,-1
261200,-1
262200,-1
262550,-1
263050,-1
263200,-1
263350,-1
263400,-1
264700,1
264800,-1
265000,-1
267550,-1
270700,1
271050,1
271500,1
271600,-1
271850,-1
272600,-1
273100,-1
275100,-1
275300,1
276200,1
277000,1
277450,-1
278350,-1
278450,-1
279250,-1
280600,-1
280800,1
283300,-1
283550,-1
284200,-1
284300,-1
284600,1
285500,-1
286100,1
286250,-1
286400,-1
287900,1
288850,-1
289450,-1
290200,-1
290450,-1
290700,1
290850,-1
291100,-1
291850,-1
292250,-1
292800,1
292850,-1
292900,-1
293150,-1
293350,-1
293800,1
295150,-1
295400,-1
296400,-1
297050,-1
297100,1
297850,-1
298000,-1
298600,-1
299100,1
299150,-1
299350,1
299600,-1
301500,-1
301900,1
302150,-1
304400,-1
304800,-1
305200,-1
305350,-1
305800,-1
306200,-1
306600,1
307450,-1
308500,-1
308550,1
309200,-1
309350,1
309550,-1
310650,-1
311200,-1
311900,-1
312400,-1
312550,-1
314400,-1
314550,-1
315950,-1
317050,1
317250,-1
317400,-1
317900,-1
318050,-1
319050,1
319450,1
319600,-1
320000,-1
320500,-1
321100,-1
321700,-1
321850,-1
322400,-1
322850,-1
323200,-1
323350,1
323650,-1
324150,-1
324350,-1
324400,-1
325050,-1
326500,-1
326800,1
326850,-1
327350,1
327600,-1
328000,-1
328050,-1
328100,1
329300,1
329650,1
329700,-1
330700,-1
331200,-1
331700,-1
332100,-1
334850,1
335200,-1
336400,1
337150,-1
338050,-1
341050,-1
342250,-1
342350,1
342900,1
342950,-1
343500,1
344050,-1
344300,-1
346700,1
347850,1
348000,-1
348050,-1
348200,1
348450,-1
